3293
2272
3447
7528
1077
1096
9602
928
5116
8838
3006
2992
4866
804
8412
9376
9190
7778
1821
3767
5334
6094
2190
414
6979
8777
8052
715
2360
161
3587
1837
5938
4165
6959
5374
3741
5990
4050
4415
5898
7805
3925
7244
7148
3901
3443
7210
4191
3319
2755
847
6620
5726
8988
3004
798
5736
2159
2893
6545
9880
6740
8720
143
3068
2772
6301
5109
1229
5573
5847
4999
3463
9144
1785
6281
8245
9874
1314
1419
9426
3883
7456
9637
373
9691
4830
6132
7645
9533
9740
3059
8837
751
6395
8866
4823
3526
1951
8497
7557
7562
6789
7073
2897
8481
6078
5660
1182
346
988
4392
5420
9328
5280
7676
8624
6848
5949
3204
7401
4277
6917
543
3800
5535
2506
6831
8243
4534
7011
1586
2836
8768
2445
2825
271
6676
5471
7614
6971
8138
2094
3809
7693
1332
51
7035
6234
6220
2916
6897
1744
2353
4826
1178
2043
4777
4172
3049
3543
7772
4041
3277
9664
7453
3836
7828
5647
5606
4037
6776
5724
8587
7106
6616
6341
7417
1022
2391
9625
3018
1137
3965
2576
7119
7903
3229
4233
5948
8823
7302
2837
4852
8008
8644
5196
273
1159
9305
8113
5858
2207
5611
7964
8075
304
871
3488
8045
7203
3192
7020
9269
7650
7953
984
4210
8863
6459
7741
5454
1380
6731
1615
850
384
5850
9825
6165
8502
9936
1111
9656
3189
6601
5474
4254
9329
5418
243
6069
8555
1982
3819
6212
8659
3974
1154
1307
6815
323
5350
8472
3426
5666
4953
1310
43
5623
2358
4818
209
992
4474
6836
9550
4183
973
5732
9609
5301
1566
8180
2251
1934
7743
4628
7374
5033
8816
7537
4467
2230
230
1136
5180
6824
2757
6192
7694
4432
9859
1975
7087
9873
7868
9186
436
621
4318
1710
6321
4326
8226
1115
8553
6844
1611
0
9766
8018
4349
1199
3003
8929
3274
3668
8812
6003
4800
3247
9971
1016
2242
7385
3559
7029
796
4453
4984
2374
3905
5215
3218
6785
9696
1160
3231
8357
4715
8354
1893
5429
6977
1761
8585
6084
2300
7192
576
8731
4321
9879
4554
6151
9603
2879
8153
8919
6682
3347
6074
4435
2498
7272
4004
9061
7731
4541
227
1301
1028
2245
532
5976
2463
3134
260
6726
3716
2228
7349
5831
3790
5937
3953
6059
3159
1686
6757
412
2574
1087
5993
4495
1564
9689
5311
8890
7769
4344
904
2771
3865
9835
9209
567
1817
3514
5182
3536
9056
8467
7588
114
1698
7399
9948
3404
8569
8351
3002
9693
5608
2285
8752
9133
6267
142
933
2239
6629
725
911
5402
9042
9716
5456
5823
7391
8642
9154
3594
5721
4879
7486
9368
6778
8203
1211
1366
9339
1330
6188
6206
5353
7533
3768
7818
7974
5977
6637
349
2120
2566
766
7944
7980
9125
3457
4589
5830
680
5887
6666
7213
997
5871
5626
3934
9096
4736
6510
1521
7708
1018
2761
2852
6822
9487
9796
7838
782
8424
3647
9768
8820
2164
9114
3010
7234
5441
9043
7600
4789
9957
1607
9367
7904
3438
1068
3713
738
9119
7740
9709
4219
7730
9831
507
7684
449
7865
8030
4584
8601
7530
7275
291
6394
8435
4028
5335
4718
3956
6278
7589
7369
4436
2930
335
5699
4825
6467
4758
7469
2266
527
478
4773
7683
5302
4950
9631
4948
4388
108
34
3571
6021
9507
3273
2705
2100
8511
514
8856
4420
8176
4403
3103
8787
3617
6067
6539
1988
5079
6496
1025
1726
8636
329
7323
8997
1069
9465
7797
381
1818
6272
8813
1215
812
426
5590
3961
8962
5842
5968
6444
8632
7998
1796
6611
8959
4561
8246
825
5960
8378
5476
9381
2624
4237
8474
2816
66
8802
1259
3544
4056
4358
3851
8735
1677
6476
2482
9538
6928
854
3824
6328
6958
3624
5534
4996
7670
7703
6739
6498
5752
4175
1103
5692
9970
9060
7926
6562
3522
9307
8479
4593
8220
4459
9803
3892
1617
6715
4292
2466
5195
3565
3983
4440
9567
5926
8468
6843
3577
5028
8348
8557
1575
2146
447
9163
6993
8193
8339
4394
687
325
5633
2713
7336
7031
6947
4919
1552
5292
6185
1140
7624
7146
5034
7390
416
6052
2933
3968
9586
3791
4654
5421
3288
9238
5882
3777
2637
6559
2952
6759
9408
211
7375
3075
2913
31
2042
8749
3773
2805
7637
4220
3889
7636
2162
4986
835
2584
8168
7319
1449
6113
6342
7346
5774
8040
1764
3060
3246
5849
6592
2147
1782
3918
8093
9470
2605
8417
1067
3253
4906
2408
8006
755
6910
7376
2973
8658
6966
7872
8120
1604
6107
7766
8781
6481
5283
5529
2541
5852
8875
2652
4801
2084
2309
6730
4096
8517
1541
4975
3301
2714
9946
1315
743
2655
8714
5379
4345
1625
7320
6800
1523
7795
2338
7493
5962
6353
9113
8805
2798
834
3765
2594
7017
1029
695
6847
697
3230
6418
4156
7243
5153
8821
5352
2333
4766
557
6774
6873
5436
8904
3604
6714
7257
4606
989
9417
3525
3304
3473
5437
6781
3926
9779
8953
1382
245
8711
5998
7347
7752
1705
9432
6297
9977
4855
1983
7228
3335
3922
6351
767
3997
6495
9333
6371
7757
9583
4623
6102
1036
147
8917
6008
3629
7291
5238
1267
3429
4061
1909
6063
4634
6487
9372
3875
1682
5148
6029
399
5667
331
2226
8496
64
8096
4130
4255
253
3945
9610
7101
4709
1999
5963
1678
2870
1166
4139
1467
2130
4815
8157
5978
3377
9888
571
6683
4128
7857
411
4101
7863
7566
5754
674
1007
7986
2308
452
8382
2047
5657
3256
5333
2011
1852
601
6134
6026
8766
952
4409
3693
7747
4044
8396
215
8993
8361
9635
9764
1071
7781
1122
1274
4770
4742
6044
1258
5270
1616
8641
2849
2493
1271
6541
2840
2717
4384
6437
5089
5108
9973
8234
6950
7814
7172
5685
9436
5082
6597
1072
6090
4367
4155
3311
5330
4163
9596
8627
1733
1569
2920
8265
7988
7139
4346
7151
7279
4236
6989
8315
3497
8404
4448
4550
5101
2536
6157
9719
4740
4193
1862
5714
5381
6007
6365
4877
9983
1356
3941
5708
4185
3664
8208
4813
4305
3990
8459
2428
5910
4103
8965
5711
5064
1827
4539
7681
2203
1602
5373
2096
3341
6019
2326
6396
5143
2702
2113
678
5272
7130
4810
5250
8280
24
5997
3005
8463
353
4063
9987
6411
4234
7917
9090
9379
9950
1486
313
5691
1148
8092
882
7810
9010
4488
6546
3020
5449
7581
7654
3053
3228
6783
7259
382
1696
4362
4100
5253
8088
8850
7559
36
2784
8540
6607
5520
7561
1786
7124
1756
8790
6024
3763
4059
9439
2398
8956
6284
1451
750
3197
5269
1928
7655
4907
1997
6927
699
4847
494
4805
2561
1721
712
948
8263
9522
6925
7167
5778
8363
9605
6483
2659
8518
9045
9889
5924
949
352
8235
4751
3999
9947
7
4264
2881
711
6924
2208
7222
4828
5740
4202
6434
7638
1052
6963
6202
7461
7632
4174
3871
3476
3121
3615
1000
8847
7788
4769
3794
7155
9380
396
4170
2104
1311
1456
954
8464
9139
3353
7932
4938
2091
4085
9197
1221
2683
9128
8009
475
8127
5764
4276
4009
440
3070
5821
9392
9900
251
9235
6622
6235
6942
4020
6103
4269
4853
9019
5698
9453
773
8071
4662
1337
2562
8391
4073
1431
2903
9206
4870
7235
5365
6689
4626
7564
8172
6061
520
1023
7955
9959
8897
4052
5423
6458
7547
8324
3383
4793
5070
7923
2742
5478
5488
4864
7342
8675
8808
5950
2154
2895
3264
2138
5385
2137
1799
6439
8966
4306
5356
8143
7928
7232
2061
6578
6490
1391
3663
1947
8657
4960
2719
1048
2638
8137
2128
8674
7617
3886
1974
150
8270
9642
2010
861
8292
4076
7292
2564
6766
8747
716
4381
4340
9954
220
8000
1092
556
15
3315
4652
1039
1416
1783
4417
3025
2243
3584
7798
9403
1383
6937
8205
8005
5569
648
8364
8163
9290
3938
9590
553
4430
1870
6445
9513
9584
3820
7754
2751
1978
7748
8333
6630
8757
2217
9830
7316
330
721
4838
5931
5929
1880
8694
8509
4228
380
7329
9732
6399
3641
8773
1559
1508
467
4717
7485
1636
643
1795
5399
3734
3149
5320
8365
7212
9071
8537
6454
6048
6855
2650
8078
3153
8935
8574
8224
9150
144
9283
2545
5154
3891
6839
6527
3545
5300
4469
8507
389
5121
5575
5753
9494
6953
6810
8622
9698
1150
1511
3960
8320
5645
1460
3333
3661
8034
2236
23
6575
8852
6792
7578
3356
57
4410
7552
4904
8923
7529
3844
9651
4962
970
6096
2514
1641
242
1510
5956
1743
2494
777
2187
177
4669
7466
4428
2451
1368
9081
318
9357
708
5489
1706
3038
3373
868
3151
9700
584
56
6406
9286
4370
266
4918
9212
1873
8818
8285
3812
4704
169
8595
5982
9739
2486
2743
2513
9223
9672
4437
7438
7460
1794
3550
8630
4531
26
619
5900
3487
7253
8536
9497
1717
2538
2677
6505
1090
272
8141
1294
6288
5984
7060
6701
2234
6153
9865
4223
1930
6516
14
4158
2090
1867
4807
7393
5616
6152
3896
1410
7324
5972
2052
6581
6576
4364
2007
7024
4442
8941
3704
4075
3737
836
9094
7558
5805
8795
3170
2075
9174
3681
9518
7086
9246
8869
3165
1414
4047
8575
3352
4972
2041
4663
145
4259
5019
6610
5943
7717
2316
7500
8037
9424
6877
5509
7775
2674
1009
5043
5689
8276
9058
19
293
4698
9986
7007
5391
2706
9844
8225
477
3406
6348
787
2988
1381
2667
262
7885
5132
7093
3265
6794
4922
5057
9684
6012
5358
6357
8306
9996
9763
3271
8767
3882
3586
5304
3660
6879
4146
4361
4168
6808
3226
5075
7625
72
8862
9699
88
2481
8836
5117
637
8307
7806
3597
9347
4697
4743
4393
8202
6565
624
6656
3710
5514
3184
4221
97
3555
1960
6733
606
361
9526
3367
2259
5795
3610
5786
4538
1878
3363
5465
9824
2351
3656
1169
3745
5510
1497
1390
4921
2475
1045
4719
1372
598
8408
9770
6951
3880
1527
2314
3866
5759
4637
1897
3208
1916
1824
6028
1674
1621
3196
5607
6308
7631
5055
9374
8616
4867
3391
2097
3659
9644
3762
4218
322
7171
9483
5644
5899
7929
2982
9729
9827
2184
168
6482
5425
4849
3114
8255
2907
5862
393
6150
4911
9721
6092
79
6289
3706
9932
407
45
6938
7440
3268
5820
9864
439
9657
3869
2759
7322
173
8305
7490
1778
4955
2867
2247
4913
3115
9248
4778
9481
6638
1179
4575
1595
3717
76
9496
6799
2380
4563
1533
8455
5878
2736
1629
1720
6377
502
848
2322
6725
3066
443
770
9253
525
2721
3948
7123
166
9784
157
3436
7901
2906
5164
9025
5053
1342
9988
8175
5140
9884
4974
4000
9430
8400
367
6550
2722
2588
7527
8521
118
3580
8691
5084
6322
460
9525
5396
1714
7506
4706
4721
4084
6127
2241
464
6626
5354
7397
501
7383
654
644
2680
401
6447
4908
6304
5556
3848
1793
481
754
1514
9619
784
486
5794
5559
4017
5495
2580
1887
3423
8769
6984
1716
9463
7048
3554
4179
9402
1358
8860
5522
8158
424
7185
9675
5096
8256
3355
6886
438
2563
9447
6712
9965
1646
9929
3722
8794
324
244
2854
4182
7380
6639
9107
3044
9450
7696
6795
1149
1104
246
9361
2099
9493
7827
7845
9606
9540
1635
2641
7215
6835
1628
1912
7214
2568
3546
6869
7170
2850
7679
6926
9963
3023
6777
8732
7652
7145
6722
9652
6402
4396
8081
6174
3714
6640
7465
8974
4937
8764
7078
300
8051
6361
2675
5039
8931
5146
7765
8827
4544
1577
3133
6876
459
5076
3317
1905
1489
5243
1884
5533
7115
4734
3262
8968
1212
828
2140
4407
1335
1648
2521
9866
739
4329
33
1247
6742
3297
922
2023
5229
5543
6820
4012
284
2432
2839
6340
2303
115
9050
3324
4710
7386
3342
6466
4886
4003
6920
2524
6362
7710
5319
8076
4486
5636
2968
2692
2145
1408
1392
946
1231
8001
3775
8174
1725
5808
4470
763
6296
4678
2324
6136
4369
1732
2446
6020
4517
3354
9158
9629
5715
3518
3413
8618
6866
4899
1417
6945
8857
2053
8442
5763
3511
4944
8690
2846
1606
8300
4905
8948
3553
2257
7217
7199
706
5728
6948
8864
5317
4645
4140
6352
3840
7472
2754
7820
7140
1614
9787
5406
4166
9891
4854
9774
9164
7437
3995
8727
536
2818
7849
3826
709
1158
5539
7435
1522
8429
6506
3386
9160
84
666
5282
1171
4189
7995
5668
8565
4923
9907
5137
4029
4987
3908
5087
837
4915
2327
6404
4026
7240
4782
3900
1227
7413
6874
3857
8055
3284
9998
4871
9632
5432
9287
4294
3562
1084
586
6344
9066
9769
4522
7764
305
7531
8047
7175
9137
9
9252
2
2139
9130
2733
2468
9718
510
7230
8868
9918
9099
5461
340
5571
8303
2723
588
1624
8665
1243
9882
8772
5348
1500
9806
5491
2124
2943
6274
348
5909
3528
9177
5362
3692
7882
5723
5364
5696
9091
6867
2279
7197
2086
3128
2945
9532
9451
916
3993
5163
290
9183
7278
4695
7583
3591
2978
596
1557
985
1305
6678
5574
6574
431
4230
3852
5508
27
5125
9157
3701
9581
2502
8961
816
9330
7777
7338
5903
6475
4990
3732
4890
5947
3872
9618
2348
3787
5877
8581
5201
3795
3407
2256
3420
615
7193
8814
247
1144
7055
1443
6703
2834
3815
8015
3041
8080
5237
4373
936
3599
4066
1270
6608
6407
2923
8038
7331
8044
5041
2753
6429
6619
2636
5048
5955
7785
4133
4434
3073
902
1699
1833
8907
7590
1945
3833
4072
4673
9017
158
1167
1276
2838
3390
8705
9063
3933
2596
3454
2225
192
4542
703
5010
9132
5359
9070
9156
6065
7315
4356
8746
9871
5890
8291
180
832
5111
8283
9311
6245
7678
5727
1170
9366
1990
5192
6210
7626
5492
7916
1858
1114
7680
4995
2820
3912
4635
4299
1860
3698
6417
1272
8061
8832
9355
1913
3123
966
5214
6409
8343
701
2361
862
4799
1454
2284
6529
7641
6071
8992
6338
387
7198
8483
6327
8187
3838
3916
8761
1464
5234
8344
4914
2367
9818
7580
2169
6412
6994
6330
2332
3662
5923
2166
4699
727
9697
7523
9413
1401
6826
5239
2220
1141
8091
9218
6684
8710
3609
2121
2868
7068
7621
3730
2526
4689
6133
7619
9502
5782
7268
4844
792
2750
8963
446
2573
4882
8049
5797
749
3286
4562
5528
5618
7822
3658
5110
5466
5310
2031
7700
6628
6334
7594
7000
9148
5661
9205
4601
2981
8211
1659
274
9326
4005
5236
5135
7847
6728
6756
7643
7143
1791
5167
6908
2261
4030
1205
6566
6080
7720
6900
3944
9991
3397
8347
4615
1341
2940
999
9555
2411
757
612
1800
2232
1219
3778
2780
1424
5326
7153
5216
3259
1849
3622
2948
202
2586
8387
1261
2831
3935
3214
3895
9639
1534
8730
3512
7817
6700
3959
7288
4054
8397
3703
233
3781
6708
404
4883
4064
6646
856
1296
6976
3821
8716
3267
9754
6752
7426
4965
5864
8236
4945
52
7633
1325
410
6064
4776
3147
9714
6367
940
7339
806
9723
8914
5136
5245
3828
6426
6451
2014
8107
1932
9145
8884
3440
7012
8954
6856
1708
516
5869
1183
7967
7245
334
5100
5894
1929
3665
6184
8250
3873
1100
1203
336
6502
5706
1757
3142
4856
377
222
5784
2989
4507
9828
5296
9720
6485
9320
652
7090
7713
3439
4657
4732
7298
7938
9563
3163
905
1868
5081
8487
8564
6219
6041
8321
4143
3718
2606
7958
7287
1210
7746
930
1689
2318
5792
3425
4441
6933
6372
92
3986
1493
2006
8381
8626
1241
6664
3092
5690
5150
8801
1074
6519
8036
9715
2392
5204
3278
3752
679
1992
224
4333
8219
5038
607
6532
3125
3728
1006
6935
8971
8498
7062
7131
132
3316
5124
6809
4924
2756
6022
7404
1050
6585
2331
8011
1892
8508
4687
7080
2900
2620
7179
9242
1542
3592
5809
2470
5925
6489
4528
1083
977
3942
3563
9103
497
533
5275
5005
5104
2575
2712
9702
3618
560
9553
3672
187
5958
5009
3470
3874
7066
123
3515
1482
1587
7284
1588
8101
9972
6613
6479
3245
7714
7972
9400
8027
364
8811
8933
3779
7895
6974
593
5463
1094
2483
6009
1455
9460
1123
8247
752
3816
7400
3507
7668
7231
9404
8699
4617
9594
3078
9749
6140
265
4350
2500
5969
8682
2160
6283
3854
7019
5965
1949
6128
2417
1236
5147
2118
6146
8297
7354
4700
8571
9898
9576
3131
7300
9087
9504
1256
8980
8751
2730
3330
2905
9012
4725
4068
3322
9452
7546
9797
5264
3321
6390
4843
7651
975
9280
5779
3434
8335
8510
2630
7911
6147
6530
6222
6453
3798
2971
128
2503
3533
7852
7715
5867
1779
7333
945
4198
94
4735
9505
4521
4039
216
4556
9855
8939
7620
617
5888
2781
9172
5504
8606
3994
1730
7608
4244
3480
5681
6667
3715
9275
3519
4536
1429
3306
7544
833
8251
3215
7924
1105
8139
383
8392
7927
3755
6233
8119
8318
2896
6472
5324
2603
6769
3689
9668
219
8328
4656
8898
1608
2567
6425
6653
682
1889
5481
3736
6189
9887
7239
6723
538
6746
3532
5827
7963
7871
5166
2111
5755
7186
4284
9826
3200
9741
2557
1622
8696
4472
7297
487
6364
7539
9284
3864
771
1282
9577
762
5322
4438
206
9384
7586
4022
7458
2956
7373
2413
8617
5996
4524
8482
4555
998
7526
4383
8371
6570
5505
943
3387
2996
5880
8077
8121
9799
2704
8240
1262
524
6120
5224
2296
9713
9279
1570
9437
9231
7328
87
4285
7793
9956
4479
9375
6448
3973
8584
6494
1660
5186
4008
2109
8058
4674
6307
1484
2375
3157
9289
8132
6462
3771
803
5221
8060
2357
4335
1108
7111
2201
3199
2735
6903
1942
3198
5308
7675
6441
287
1055
5866
6563
302
7660
3104
5099
7038
9296
9952
9751
6016
4551
2210
1943
4573
9194
7611
1712
3805
8558
2426
9409
2027
7939
4903
4624
9084
2378
8388
1775
5743
2919
5459
2015
6883
8304
3417
9069
5659
256
7162
4808
9748
2991
1165
3831
9611
4731
7540
2828
630
1528
3014
1815
2639
3510
8793
9737
526
7225
5443
5206
2720
7178
7543
8833
4587
5464
4796
6006
2549
7422
719
184
6642
4682
9649
8639
3605
5578
6921
5222
470
2319
7876
1642
1987
9617
3269
337
7294
3811
544
415
5733
7949
2030
7018
8715
8969
9915
9670
6077
1692
8501
9621
1911
9694
3625
677
9080
4660
2593
9049
1059
4787
9490
6183
6257
3234
3700
5742
1406
8032
8261
2797
635
768
7001
6967
154
8609
6116
5337
6194
6944
1684
5572
1933
4137
3893
3796
3766
9410
9939
5007
38
7304
1386
4763
681
5548
6311
7266
7102
490
2585
138
3323
8465
7387
3603
5094
3996
8425
1774
9858
2927
8152
6946
2788
1936
3720
9111
6337
4353
5194
3408
493
3981
1967
9655
9359
4375
9016
1731
3140
9135
4833
9509
6054
5934
2862
8367
8062
9232
3402
8625
6780
9890
9489
8462
781
9910
9683
3856
6807
2679
1188
3898
3220
238
462
9775
3843
6898
676
7463
1748
827
2957
117
485
8631
7262
6239
6473
4336
1980
5484
7332
1196
736
5088
6786
8221
6285
9175
9537
2340
3244
7799
5615
5363
333
9926
3217
9002
9862
5828
6229
2049
684
4489
4304
214
135
908
3235
7147
4566
4979
4151
9353
9547
5564
5077
6050
8097
9051
9791
3450
5174
3348
9999
6400
2787
3144
5161
2286
9912
1498
294
1418
4956
3052
3388
226
3072
316
925
8492
5546
9528
9262
6098
3483
1374
9588
1787
4510
6750
8287
5098
8859
7285
8491
6093
9007
5587
9673
6812
5152
8563
1658
282
3120
9015
8748
6375
9534
4859
8672
4376
9817
4665
5115
2473
2544
6625
6829
9633
1257
3221
8534
955
1156
1869
1950
547
1651
7030
2440
764
8981
1963
7524
5680
5675
5768
9960
4837
6854
9722
8326
8074
1789
5707
6046
5614
4993
5440
2069
2885
8230
8512
550
7843
1898
3636
8242
817
3287
2965
1233
6596
8526
5470
6852
9733
9848
5704
8994
60
8883
5802
9325
6187
5586
8797
2400
9923
7010
1656
8743
7513
7634
5554
5091
898
5915
664
1457
6138
6738
4351
7076
4647
9565
6403
692
4224
8915
4159
81
1283
6999
6941
1610
2618
4926
815
685
824
5629
6568
4512
9554
1594
2381
1767
889
2341
7607
1740
3743
6931
5078
7250
6126
4049
3729
8885
6110
4897
9857
7965
2817
372
1125
9592
2442
9220
5648
5446
6556
8284
1803
2548
6525
668
397
8275
4046
7016
2745
188
9877
1550
8466
2851
8313
201
5210
7725
4339
4270
884
1535
7218
8927
5995
9679
5526
4851
6027
6718
9013
3015
6523
5846
7899
8899
3327
3154
9412
2329
7229
4638
1572
7518
746
6109
3156
5424
2173
791
5004
669
8547
7431
8177
434
1727
9745
3814
1119
7954
5306
6265
5916
8946
1517
6503
2763
5413
7166
5863
5643
4720
9578
3001
2892
4249
8207
4711
5155
5518
3344
103
6100
5389
5566
7935
2462
164
2222
2569
5840
1412
9556
1174
7914
2999
1378
6755
512
2939
4359
3707
2133
8126
3107
8637
2235
9388
3314
9391
3887
5999
5181
9829
8379
3026
8427
8253
5242
1268
7975
4109
4846
6413
3712
7985
7855
3754
4729
7890
1024
2275
225
960
9660
9976
2775
9226
2776
1181
8373
1441
4113
3054
8112
1650
1666
4316
5841
5017
6410
9809
9433
8160
6859
4250
8020
4893
3414
3952
74
7599
8084
3279
6217
8567
5985
9558
8522
2628
1020
2231
3585
441
7443
1734
3465
3589
9395
9726
8070
1073
995
134
9112
1601
7053
7501
194
7771
2105
6929
5113
4860
4949
5001
8341
6036
521
4077
5825
6025
5653
611
597
3108
8376
7211
517
5796
3669
9669
6690
6540
1269
326
308
3448
6858
814
3272
1198
5273
919
5103
146
85
5169
6428
2975
7606
4099
5992
2063
5671
4129
8013
7289
7674
5016
8765
1948
6603
8484
7180
395
398
2497
1472
4943
1061
3468
6168
5848
8196
6211
6249
3094
5012
2421
6491
1567
934
3640
1784
4266
6572
5384
6641
9127
2810
6998
3984
4749
2388
4473
6583
2555
1081
2161
6291
1998
4857
2299
2461
5735
6632
7724
4675
8355
3725
7023
6042
9897
8831
4110
694
8911
458
2294
6162
6674
2601
5307
6199
8770
8602
6450
5037
1598
6129
6305
7470
5346
9914
675
5756
9630
2248
1459
9665
3501
4841
7450
8409
8525
7277
7237
6294
8135
1091
3422
9491
4187
5584
5377
6709
3475
4019
8054
7496
9757
6901
3050
9961
7095
1224
8257
9885
137
665
3699
5376
1265
9833
5368
4098
4058
9423
8578
5961
1161
8982
3823
7959
7709
7246
1426
2158
2949
8314
6673
2080
6056
2013
8269
379
9514
6775
5240
3678
2778
2936
3040
4465
5138
9039
4951
59
9539
7774
1107
7782
7912
2018
7571
6916
9200
4124
4298
3964
1420
4414
5716
2925
942
2512
1323
7525
5065
3372
1329
9014
8528
5056
4184
3194
2515
6279
5959
8704
5445
5203
6167
2691
2117
484
5502
9997
6913
9441
8458
4243
6764
1070
2998
4149
4328
4071
4422
351
2657
5434
9461
3084
9011
6470
1163
9612
6145
3238
1865
714
7819
8147
7836
1814
9415
1369
7891
6317
12
7931
3035
6643
292
2653
5712
1685
9955
2832
5416
2306
457
3365
1
1903
8239
6956
2429
5530
9285
7685
8231
6811
8374
7702
5776
2587
67
240
4533
4079
9500
8017
7646
844
7763
2246
5928
7803
2608
4178
4641
2591
2459
8653
1405
8125
5879
9905
9228
4917
1925
4868
4302
2339
8150
286
8707
3185
690
9641
4144
3847
671
422
2535
6813
9467
645
9935
7117
3371
2861
8162
5654
1926
2062
9310
8191
8402
2350
4726
1407
4197
5207
2397
2499
8876
6802
6062
7144
5663
8671
6677
4055
8106
394
5610
910
881
6830
5248
1631
2209
7519
5450
4557
5598
8520
5014
7900
4527
1847
9990
9881
3966
5673
3542
8867
6221
5382
6119
8905
8613
3697
2764
7104
1135
670
4625
9048
7043
4850
6589
6251
987
994
918
9343
8698
6320
849
5259
6354
32
1771
5305
7791
2474
237
1563
649
5344
8422
1316
7382
4040
2671
6609
2610
468
8594
8201
8329
3257
9574
8432
6658
3064
6455
7691
106
2390
6888
2814
2685
7044
7756
2036
4161
9519
5172
7758
672
1494
5859
6543
7233
9542
9419
8457
6997
5945
2328
8810
1643
3065
3850
4940
7909
565
7483
7761
3558
3400
1017
3216
4457
4291
4722
1309
4424
5652
4181
4676
3957
7200
7705
7859
9442
344
8744
4543
8375
8591
505
6797
939
370
969
9387
8444
228
8952
8260
6772
3237
8264
7815
1970
1661
3505
3398
6017
8108
3667
317
3116
6190
6699
6087
6178
4651
9681
9847
8763
9208
1857
8676
1164
5930
2739
2796
3047
7091
339
3248
9993
8550
3101
3581
9301
2891
3298
6089
8519
3619
7305
3810
4180
6393
5329
6875
198
6226
7096
1619
5059
1404
5393
2782
6988
2794
7640
1745
3431
6754
4668
9123
9118
4216
3596
4272
99
9580
3177
9599
9613
8851
8003
8178
5936
6770
7941
9951
3394
5619
8949
96
8493
4404
519
5989
3549
4062
981
8592
369
3694
5913
2032
360
4581
5604
8413
883
3979
7593
9488
9604
365
73
5800
6123
4679
2346
8782
8477
1694
5281
6386
9085
207
3907
167
6379
461
9658
9511
4157
7028
5637
3223
2792
1046
8700
3484
2604
7733
1875
7427
9974
4337
9268
2613
5
4332
3521
6203
2847
7454
5920
7565
8877
3077
3029
2634
7334
42
4011
4591
7085
2658
7308
8759
8301
1690
2412
2558
2865
1422
4094
5599
9782
4790
9110
3917
1008
9122
8621
1194
4931
1202
3098
3403
6398
2056
7241
2489
9985
8702
171
4287
8733
8583
8650
4518
6172
8372
53
3099
7419
4632
1991
5428
7141
6286
2523
8955
6158
2354
5485
4117
2530
2951
568
1840
3418
1040
9178
4686
4942
2857
8638
6420
5225
4759
8848
1620
9421
5873
2758
8689
5838
4585
9462
2888
6511
5868
8803
1478
993
2205
9319
8662
1917
90
1676
1435
8485
6892
9508
1080
5670
8722
1546
1042
6702
105
8543
9239
2899
9527
1937
1592
4523
7067
5480
2884
3868
6319
7951
6347
8155
7762
2914
8237
1462
8416
3130
1763
6983
3155
2853
3027
375
6737
5444
6743
5974
4035
4754
7384
7521
8841
3705
4714
8945
2168
8796
2454
2695
2876
2365
5597
2344
9304
4571
9364
3513
7208
3688
7751
9536
5780
278
1444
6382
2435
2715
5676
2509
8145
3399
726
3652
4784
2484
9545
5568
9922
718
3456
7560
2648
6849
9217
6669
2938
8951
3949
6310
5218
7610
3106
8190
1918
7719
1538
9288
208
9297
2196
9962
3186
4127
7894
7884
7816
190
748
7462
6840
6117
7405
9944
6647
5748
5438
9585
7274
5883
9141
9712
4954
8022
1701
9092
6749
2835
4812
5545
8090
4752
3881
6957
7712
2467
8987
1627
69
3076
4693
7173
7656
9378
3207
5791
2312
3601
4206
3143
1146
2200
7727
4108
1802
6803
3598
4116
4684
4267
5799
3478
9860
4171
6323
9653
3832
9571
8420
95
21
3524
4788
6721
8197
2085
1373
3474
4795
5693
7658
733
4631
8356
3167
7642
9788
914
1553
1503
3894
5765
9562
8785
6798
2711
7667
1470
7597
5542
6915
4757
5567
1830
102
6039
581
4947
7169
5083
1941
7251
9486
2186
583
1790
2904
2165
7831
9028
2295
9267
2809
9093
3740
5523
9777
8337
8014
1099
1284
1526
508
9734
968
4300
6034
4
5026
2019
4447
963
4994
6099
4869
4655
6990
3839
2457
9662
6557
4998
8934
2565
3931
7084
29
5095
1801
453
7832
503
4268
1973
268
5552
5189
3890
9842
3548
7135
3489
8334
8488
2984
1438
959
4241
8806
3928
636
7592
7270
5211
263
8448
4616
4858
419
160
8426
950
8771
200
7388
8628
7698
1214
3633
6262
4070
9614
7542
1518
1589
6504
9893
8560
6463
1126
8784
9595
4324
1393
4588
129
3987
1213
5015
8634
3724
8331
542
8338
5816
1895
7825
1654
8461
7512
8244
4443
2783
3884
3500
6335
7248
9138
1191
3261
3551
7739
6960
4685
2458
1585
77
5126
5063
6665
4231
2472
9776
1854
2218
5939
6906
7335
877
8048
68
5833
2649
2376
6105
3082
5549
3227
258
4738
5835
6654
9485
1579
4160
5231
5085
3282
2770
3970
1704
1919
1544
6868
1939
2202
1385
8680
1480
3674
1299
9783
1389
2416
7541
8891
7837
6143
2385
769
5209
627
3789
1792
8362
5730
4379
5452
609
7474
6553
2082
2260
2937
492
2194
3124
7345
7075
234
5734
2727
8546
8164
5919
8389
5713
3576
5876
6621
655
1700
4118
4728
3593
2676
5276
851
8870
474
3929
6
8021
2684
3195
7070
7692
8504
7025
895
3255
9492
2039
7989
2980
8938
5061
2093
8490
891
9725
5042
6687
221
866
2371
7920
6405
6860
4688
7157
6474
3205
2869
2579
6250
195
3813
3382
5814
181
8858
1492
6671
8986
1239
4080
1260
5325
7154
4592
1357
3834
7921
1715
8286
2092
3870
2841
7502
937
9317
104
1204
1185
7389
8538
8085
3145
7356
8438
1468
961
2928
7735
4390
7160
7570
689
4090
3179
9425
5298
4630
6261
1504
3069
4764
5052
1812
2519
5265
7071
5519
9306
840
4092
1197
7340
8830
3112
9568
5414
1502
4500
8527
5851
3243
7770
8277
3770
368
4519
1360
1044
8774
2020
5695
6533
2539
6380
2642
9278
9047
4649
3859
437
7396
9975
1447
7830
1476
3291
7879
6748
4672
2709
4341
3219
3696
4065
8783
6432
7833
9940
9795
9406
4089
2026
4516
4460
7451
6517
1474
647
2661
252
7612
7378
9607
3503
1292
7915
6131
7491
1120
4970
3113
8611
830
4707
311
2791
917
5144
3963
799
5171
5612
9843
9153
7184
5439
7314
5630
2335
5558
8999
9170
3673
2448
874
990
4966
7181
9728
5261
9274
4135
4829
2890
1298
580
4256
2034
991
3863
9184
6160
408
1331
8849
5286
9924
9005
5251
9529
2822
1843
5035
1430
354
466
9666
9354
4262
5601
509
7517
1531
5142
7877
1128
1461
778
9820
8332
9498
1580
1596
7247
2464
5080
5843
8843
7447
962
1432
4186
8309
7114
1560
7898
9471
9804
1379
2908
772
3008
4320
130
5183
8829
7318
7488
9363
6717
5345
1346
9260
7666
1362
8410
2170
376
2163
6293
2347
6528
1728
1906
9270
2932
9336
9476
8407
7933
7358
9546
7416
8170
6512
1524
5516
7794
4895
4817
5162
1632
1766
4496
4429
8330
4532
6207
3792
885
9083
1013
8545
7132
6912
7467
2911
5494
6298
9385
5884
2687
859
1440
3590
6631
5472
418
1750
1851
4199
9474
4312
3940
7088
5246
1539
301
3631
4579
9647
357
8173
2403
5927
3634
5581
2700
921
4449
8437
5503
6218
3861
9265
7572
4633
8612
1353
3756
9397
9938
2664
7371
4104
1663
8384
6934
8839
760
3453
1823
8095
1965
3096
8646
9622
7499
4491
8489
8760
9422
8754
4147
8886
7834
2959
8908
6681
8950
2172
7449
4840
6005
823
4912
2320
8033
2522
1590
9566
1475
6266
7549
7097
7434
9344
5069
3152
6930
5159
5266
9237
6392
5199
5513
6408
9210
7755
6331
5303
1861
2025
2950
6634
3858
3637
880
2394
4603
3537
7734
8597
9198
8930
4502
5025
924
6975
6004
5892
3841
2966
62
1962
2427
8979
5312
5817
8222
2708
1343
1093
6692
2559
358
2002
2077
846
5845
8418
3677
7204
5349
4123
496
9420
3486
603
775
3932
2415
8067
3303
8430
2465
9810
9464
6706
1200
6373
7548
5401
6716
623
9919
879
5746
710
4036
4229
7874
8643
4024
445
7824
935
9738
7392
6264
9224
6586
3758
728
9582
1226
9182
5290
5777
2678
1798
7623
9813
4991
4217
6097
9291
7045
1842
858
6514
6302
7508
6339
1333
8104
6023
495
6268
7753
2199
7421
152
1471
8214
9390
9023
3906
8855
8913
3939
2874
2268
8446
7856
1434
5839
8544
897
6037
5388
5340
178
189
1490
7081
5202
6884
9295
6170
821
5447
6787
2917
1192
9798
1047
4936
9213
3129
3212
5951
1924
941
6312
1201
3093
575
6125
7290
9407
223
9077
3030
1313
5684
2404
7136
7312
7682
1235
8893
843
5062
1403
3830
1623
6617
3954
4395
3885
2724
7862
2157
4450
7364
1874
2219
7823
7372
878
4176
6082
8845
5914
7352
6148
1361
3570
6346
5072
2204
7313
7886
3726
4021
2987
8896
3947
5781
5179
8726
3676
8531
9760
3051
1012
9495
8603
8649
5638
1810
5874
3719
2571
5212
3853
6471
8900
2418
3837
2311
1681
119
5394
5870
193
628
4909
9365
6349
4323
8998
9188
267
8117
2189
8780
1086
3416
5511
3923
3296
7273
8670
5683
6923
4386
1722
7402
8535
2021
2387
8906
2623
756
8393
3753
9772
4568
7802
9640
1753
4444
650
9591
2767
148
6590
9121
9543
522
4935
6635
4107
6907
2405
8140
8539
2477
7585
6118
604
3276
1543
7366
4471
6790
1509
6075
6675
8443
5338
3552
9332
3419
8227
2505
1672
3614
5178
5000
3556
1220
9358
5738
3827
7507
2942
6602
9690
2182
8478
4802
7776
4153
5158
2441
2211
7112
1938
7808
7603
6269
9008
3427
7875
1043
9448
7738
1505
4599
4115
8229
9845
3460
1032
9416
433
2829
2660
1961
2410
8679
1208
1187
1901
2419
9204
489
3910
9867
65
2673
3374
2008
732
8881
1321
4177
8605
4086
4546
9872
347
7348
1977
1501
5697
9258
4033
4212
9469
5486
7381
2156
4842
5826
660
4680
1994
7905
5517
6544
7424
4745
7598
6010
450
9020
2377
9794
6271
5979
4280
1436
6845
4015
1448
2947
417
2017
7966
5904
3381
8298
2986
280
9634
8345
2964
7780
3670
9244
9234
491
8212
1027
3345
7477
5641
8428
2134
3300
7406
6181
7993
5387
9982
4692
8629
4425
6978
4067
9758
964
9521
9371
4691
3572
3046
6401
6303
8213
4042
8921
8580
3751
6788
2009
1702
6828
5006
8039
3774
5332
6771
9724
275
8349
5198
590
9876
4451
1450
9688
1118
4783
2627
7429
1223
5149
6612
9131
3263
7128
5942
6661
2110
1568
1976
4322
1034
7659
9823
7918
9302
9503
9706
2994
4357
2313
4215
1312
1695
6324
9573
1398
5957
3574
9236
7415
7014
7337
785
3211
4445
8451
7628
9551
5361
4834
737
2369
7255
3547
5029
6333
2517
3089
6370
3138
7174
4454
488
3943
8471
9661
8041
338
4884
4958
9033
8149
8002
4559
5114
8475
5469
1737
37
2510
4983
8398
9597
869
4609
9315
9902
2731
639
7605
2396
5810
3535
4482
4636
3904
5483
1193
1130
3575
7653
2572
5177
4612
4967
4253
6216
4307
107
3312
4412
6549
3988
5105
8779
5856
98
4391
944
2352
3361
5405
1286
5832
518
841
7664
2547
3975
8683
3569
1707
2237
4141
2749
6088
4317
4260
6315
7089
4765
7792
2910
5935
9853
8073
7362
3074
5639
1935
4772
5131
1421
744
8232
7639
7183
2290
9115
8530
6415
3822
2738
4478
1647
1530
5235
2152
8973
3479
7059
2197
1019
8322
6627
54
1866
616
1820
4792
3529
2135
9755
2087
327
6332
4023
483
7887
2271
5482
6615
1488
8223
3295
8386
673
3711
7663
9458
6522
614
2654
1038
6045
6987
4057
5036
6659
5709
2116
6838
5375
2102
1195
2288
6195
5205
9259
5378
4863
6851
9786
1371
6655
7750
2614
3782
7790
3540
9386
2824
6846
8943
5561
2799
2922
7534
4205
5737
4650
2143
870
6196
9892
7127
811
8967
7609
8281
1075
9544
9980
1780
9472
6422
5527
7414
3485
9773
2045
3467
186
6247
1639
7536
6763
3494
1739
4604
3930
9031
390
9966
7442
9151
3358
122
1507
6857
705
1152
1956
7161
2439
5244
4771
8110
4487
50
3081
7165
1554
5130
7355
3969
2833
9875
1754
499
1399
4354
810
3088
1581
6383
857
7079
2507
170
3171
5318
6823
3176
8532
4570
2977
2229
141
2373
642
7970
5347
8542
724
116
566
3626
176
2362
6881
7054
1248
7100
1900
1175
923
46
4194
4363
7168
456
8688
1180
3785
9793
2151
2368
5701
1638
4134
5580
3495
1275
3233
3879
4466
6784
5905
2430
1846
2729
6038
1479
8241
7271
6030
4900
7789
8359
9312
5933
3733
3744
131
4411
8807
5744
765
6761
7098
3007
4105
5677
1759
276
4416
3281
758
7813
9159
9124
3325
8788
8834
7008
2064
9076
5822
3557
1969
1155
1010
6139
7050
7745
7744
4781
4289
203
1209
4006
6520
9771
693
4756
2436
4744
9909
6751
3582
783
4408
7280
9735
3378
3362
7669
9176
7726
8441
9331
9589
9482
2078
6208
1902
4377
3110
1237
5090
6464
5544
9627
2270
8645
6389
2941
8186
9281
328
9703
6209
4190
8419
4310
75
8936
7615
7961
5433
7040
1445
9480
4794
3919
9249
6679
2924
9276
7987
5789
9202
1308
8756
8130
613
5323
9801
7881
2732
1813
3079
8932
3021
1078
5002
8495
9548
4946
6680
2746
78
435
2662
289
4188
140
1189
2059
7556
5102
5217
2556
7455
1914
1318
582
9219
2060
6156
2057
6889
6376
9062
9456
5068
2048
4814
1496
6548
7807
2293
6215
8169
6633
7051
3338
9165
9648
4727
6058
8029
9345
1551
549
7545
1804
2961
2629
1946
2529
7841
3877
3499
7341
6095
3161
7052
8210
831
248
3685
6414
7505
5819
236
8209
548
5853
7420
8340
9037
2886
2823
197
4774
8063
6922
7773
2024
7480
5223
5066
7057
270
3209
3033
1217
9677
6108
5865
125
3527
8327
8118
2071
7418
2651
1819
7149
6753
5973
9616
6423
9352
298
2278
2185
9579
5328
455
6002
2114
7649
5854
5664
9917
7722
4504
3444
4750
5980
9030
2553
7224
8551
9067
9674
4582
3911
3808
2804
6241
9832
9054
5536
9531
8828
776
788
3742
6880
6853
852
8156
9808
6861
4832
362
4762
6582
6350
3807
9942
1834
5632
5370
6727
1729
3606
2302
8399
5550
4319
2291
8824
5141
6359
4368
3432
413
5168
3829
7263
7036
2438
191
5515
2848
8529
6179
5422
7511
2570
3011
2889
6193
578
740
5315
9921
6171
2068
3239
4167
480
8024
7800
7618
2983
7471
562
3643
2349
1571
6255
5021
5600
7379
605
2012
7191
4963
1736
6424
3466
7158
7596
8342
6240
2843
7296
1955
3980
4746
9523
6571
9815
6227
9257
1076
4797
5875
5750
2525
8403
7368
5807
9854
4490
3224
9981
2213
3666
5260
8576
1752
808
7930
2806
4360
7013
6270
1240
631
1657
5133
2531
1402
2112
2065
3691
3395
7227
5184
7584
1173
7996
5188
8401
1388
6282
6461
5912
3888
2985
5881
1143
9256
421
5857
5208
6882
388
8514
6732
163
5524
8872
6079
9510
2297
539
7046
5451
3336
1384
8279
8786
8007
2126
2812
5700
875
983
5309
113
7118
4839
4898
2323
5054
3653
4497
7723
4481
7591
9211
7942
2476
958
9730
9161
7962
7662
2769
1683
9340
761
1556
2283
3564
9933
4861
3055
1300
2946
4331
4881
7729
7760
5589
9356
6604
5093
6893
5409
1030
319
9342
8296
4809
5983
8989
6747
920
2615
9916
6524
1098
9628
7252
4611
355
7445
3032
8873
7707
6275
9638
7742
1613
6180
753
6672
175
405
9335
1855
6793
9100
563
8228
9535
2864
4545
269
8282
2447
4961
2240
6818
8216
8310
8025
979
8449
2343
4406
3506
9868
2423
4119
1653
8894
2420
1116
7083
4683
5049
6480
1285
8064
6230
5498
9106
6442
9841
5686
6343
1915
535
4258
4025
7004
638
5829
3638
789
7156
1634
179
8533
1302
4989
1709
551
3240
8590
9515
5872
7022
9967
7407
5922
254
2292
9146
5050
8194
646
7947
9440
6176
8312
8505
2177
3369
2979
7238
6111
657
545
3509
3651
7688
1102
7835
374
7704
6018
7074
8740
2734
2273
1863
7576
4208
6214
1670
5551
9572
6449
6049
9615
8524
5682
6177
9894
3920
9370
5801
35
3013
1234
7269
2301
1279
5538
779
1066
1735
6773
4648
1816
8010
1089
4018
9995
2393
9068
4791
6135
6336
8713
3735
6306
7361
9207
658
5500
2765
4263
7946
8215
124
1319
7194
4822
3520
2402
2670
8647
702
2768
3899
9781
2384
8199
3000
5585
5751
5646
1395
8204
585
3627
5467
5725
3061
5175
4423
5901
7687
6863
4297
717
8154
205
7689
1899
1206
2819
3680
3366
8390
4827
5279
8791
5499
126
8729
932
2934
8066
625
239
2107
7306
2918
8666
8189
250
3611
4120
9984
4845
9530
4547
1776
2501
9667
307
183
182
1473
5886
8395
2414
7283
9746
6711
4214
4640
8922
6509
6201
5766
2029
2022
9989
1954
71
6939
5760
3180
1095
3346
7910
1665
4389
7812
7563
691
4713
3600
5453
8910
7897
7444
4880
1145
1133
4933
4874
8523
3657
1121
1519
7343
7858
8619
820
8789
9136
3405
6952
1835
9676
1031
8405
2912
3496
5228
1626
7457
1288
845
2264
7494
6484
1797
8706
5893
4313
2342
6047
4705
2469
2214
2382
3017
8840
7260
6636
498
6521
3136
3085
9398
8440
6231
8741
6980
4560
9520
3783
7721
185
696
6205
3368
8452
8366
8031
1545
561
241
3203
7716
8513
9750
5151
1354
3784
8815
6995
9759
2330
6872
2826
2830
4327
7784
7258
6468
1844
6758
6254
409
3127
309
9003
577
199
1142
3182
2490
2599
8016
1768
9475
976
7002
9816
931
5233
6536
47
2035
2067
6645
5160
7039
2383
3117
153
6652
6558
3914
8415
8456
5889
6256
3292
3071
9443
2882
8916
5067
2611
9429
6871
2554
7317
2336
2622
4131
8817
232
8370
4596
1177
343
8086
8515
2666
3776
2103
1037
5316
4737
264
8218
9805
110
1469
9659
4439
8499
5058
2066
1147
249
8734
5410
1453
9839
2640
4402
6318
420
3
2963
5617
3481
3538
5371
3802
5783
2537
5497
5885
7446
4952
1888
8289
1458
2967
5254
4537
2954
4598
2495
4494
4051
909
1971
5139
1465
1995
5576
465
3469
9215
6595
9282
8353
1387
683
1433
2551
2592
2774
4238
3801
2542
3057
2600
9623
1882
8161
5462
4549
8082
805
6500
713
4529
3441
9846
9601
7129
8562
6345
3329
2249
7627
1348
7503
6242
7629
1324
4887
2990
3738
7034
3654
1811
7432
2602
4608
2974
8252
4418
6600
4261
5407
9173
13
8909
9861
109
1749
2179
2070
1618
9293
7878
3458
1320
6695
479
2081
2115
8394
1350
4296
6762
5593
6841
9254
6169
2206
83
632
7058
4192
3998
6232
656
6290
1129
663
3679
4862
1680
112
4712
9064
8028
2693
8541
6068
4334
4365
6691
3490
3989
9271
7476
688
2254
2540
4930
22
6537
5165
5256
1483
8336
5731
4621
6253
5127
5537
2508
8888
6419
5570
7945
7327
5771
8099
6962
3602
7622
8804
3331
6862
7498
7190
2960
6704
2581
8842
9230
9727
321
5785
6894
4493
3951
5940
6355
6356
9958
7299
9608
7409
6943
8654
4227
4622
212
594
9600
9717
8111
6368
7189
8053
3095
1562
4971
610
1232
6834
5761
2305
6538
9382
7484
1273
7840
3690
1466
1222
6032
1958
7221
4150
7553
8294
257
7042
7948
2074
2802
2807
4819
2079
6366
3043
9373
4595
17
5563
8272
900
6705
9761
5395
3090
5855
9765
5694
8742
8319
406
3739
7973
5658
1808
8098
310
7848
6865
86
6833
2688
9389
5946
9913
1529
5602
5013
1411
1322
1968
9484
6452
4511
9646
3991
5294
570
8148
8778
6124
1085
4154
5342
3384
8369
6431
4964
7647
4252
1485
8561
6513
8406
9438
1547
5672
865
552
476
1413
5678
4446
662
1011
3897
8745
7555
1910
7412
9142
6435
2089
7520
9701
1805
6805
2859
2407
3396
1339
3201
3318
3111
9055
3254
734
5620
9870
528
8059
6744
8486
8268
8266
2801
3675
4577
1428
9883
4452
7309
3764
1287
2040
1773
731
1026
2167
2873
4910
4875
2668
2193
8146
564
5557
9102
6817
8822
5621
5118
5811
9934
1423
6564
3340
3250
3825
4666
428
6433
2643
3236
4458
8559
7009
6001
9109
5496
1117
894
1439
5806
7428
5803
1127
5917
482
5299
9819
7032
4200
6277
6299
864
7908
971
6588
6460
1003
907
8069
4342
9752
3723
2487
4780
2803
3455
8447
6013
7077
6492
8755
8800
7350
3146
6130
9682
7220
7122
9044
1334
6554
1652
442
1558
8421
9053
759
8799
1886
2149
8667
1238
7504
6497
3191
7293
4564
4670
4347
5232
4576
6911
7516
9445
7027
4138
9377
1959
297
4642
6535
2607
4399
9126
9468
797
8718
3105
2725
9149
8188
896
3225
4520
6142
1176
2298
4775
7049
7711
9899
5046
288
7892
1583
5798
4614
7648
9418
3621
967
686
1015
7092
3687
2744
6801
4583
4620
3190
4405
7360
4247
9549
5366
3305
2747
7671
9227
5288
6735
1597
8299
8750
5274
7699
9261
8554
6083
5656
9807
9837
1688
6391
5758
8368
8473
1495
5628
6534
2433
8937
9778
4506
5267
3343
3817
9334
9459
4978
7535
3280
5986
6164
5767
8664
6657
3750
2894
7695
2379
2689
5757
5967
2178
4600
4928
366
6968
4352
5331
3842
3183
7613
7475
6300
1131
4203
6085
559
196
9000
2321
8724
7864
5230
2716
3757
3270
1297
5357
3164
3962
2737
1481
8431
3727
6918
912
3671
9036
6155
2669
2455
5258
6814
7644
9569
430
1280
4275
3337
7301
4761
2762
953
8738
5525
9041
7981
9035
2485
9040
1825
6644
8991
2795
3620
4586
8926
6760
9266
8434
1561
9671
8635
6292
6436
9501
9147
8480
1138
5679
7330
641
6560
9411
6326
8133
5024
5092
1751
9901
6949
2144
6864
3449
9105
2827
4901
6243
2054
2450
8012
8693
1394
1487
4681
6816
5560
9022
9931
342
4920
794
3471
2728
1996
8115
8116
1927
7265
3492
2597
8656
8640
454
9247
5060
40
432
4378
8582
8128
7950
1186
4932
572
1879
1809
7994
6477
6577
4095
6804
1427
2631
7984
2887
7398
8882
7971
3649
1409
2625
5651
4338
913
3579
7188
826
8588
2176
1132
3137
9117
1351
7532
306
6973
4148
4941
6591
4667
6011
1718
842
2511
2488
8925
2136
1599
5321
1807
7105
8685
7577
1979
133
8892
1004
473
8844
5190
4525
2619
2665
2878
3927
3313
2119
1549
2345
2274
8083
6663
3357
6526
4741
7960
8360
8516
285
8957
8719
8476
9299
5106
9303
7464
1218
8102
8566
4602
2192
7854
6223
7779
7281
1062
6106
6073
1253
4225
4619
5596
4747
1984
7569
2681
6782
7116
2366
6197
1134
6252
5891
1532
5197
6932
6486
7021
392
4768
9840
5097
9822
8668
9193
9945
1477
6316
8983
4985
5674
4371
4087
9517
2051
980
8436
5907
7665
48
7867
4553
5313
6686
314
4209
5398
6182
159
2088
2626
6465
7587
867
1415
504
5263
3462
4125
4043
6551
5380
7936
4195
4973
2181
9953
3855
822
4558
4419
573
4426
1741
6469
6416
600
1355
1295
2337
6309
9166
6427
8825
4462
6819
4690
9645
7956
7282
3708
3759
7041
2777
8573
1896
5772
4248
9338
1190
8610
9560
151
9292
569
700
4530
6584
8380
1664
7408
4366
3415
3097
5954
6662
6238
9516
7395
2860
9155
1049
3459
4552
8439
1139
2718
7554
531
3036
4078
136
6115
6043
2845
790
513
7047
4069
6014
1907
1184
451
8072
2076
9360
9052
1397
1738
55
9082
7026
9351
2223
1989
1263
5741
1758
818
3308
1747
1600
3958
8652
3769
6765
8728
9904
4097
5457
6057
9185
7261
7307
3309
8087
1655
5722
2962
7952
2123
2931
8165
9203
7267
7601
378
3985
162
2909
6936
7690
9906
8736
3202
3632
2793
4618
2355
5073
6276
8596
1640
7732
1877
1565
6224
5501
9457
1109
7377
7736
1014
8233
1839
7163
8593
1923
1760
3258
4126
4831
2431
7264
4278
3967
5921
1021
3747
2005
5640
3915
741
863
6796
4239
8604
5339
3616
9736
8
1829
8109
2766
5249
1662
5971
5018
3275
9756
3862
8655
8549
5609
1035
8293
8552
4661
3613
3392
8976
7439
6381
6015
7866
312
3173
6961
7940
9264
4724
5490
8708
165
2582
3567
5173
9636
2682
9711
2656
8295
7365
2528
3534
2779
5415
3530
8871
3307
5297
3188
2598
4708
3433
4382
634
2101
899
9785
8880
5844
41
1848
7226
7844
4002
640
7492
2050
2401
801
7991
9878
1644
3024
5271
7459
6213
1746
9405
9348
8411
3022
1230
1713
1584
3523
4969
4348
4548
8057
3421
9004
1101
5045
3412
9263
6896
7853
579
9663
1367
2921
9851
5705
296
3266
5787
8249
1890
3109
5555
4509
5540
1605
1871
927
5532
7957
1250
6719
2188
903
3091
9098
2703
3623
3630
341
9180
11
8290
8826
58
9251
283
2073
4286
7126
5435
8586
2055
2815
8238
7737
3232
9046
9821
3102
2872
587
2004
6660
7907
63
3646
1637
8901
3364
7969
5293
6515
9869
1841
6081
4311
9431
8453
2171
5367
3772
5720
795
9316
3804
6710
5268
4027
5627
729
7811
1290
6940
7425
892
5953
6198
2198
1266
7177
9240
6456
5458
4232
3150
3878
1555
1806
1344
4760
9455
4251
2141
6964
1306
9337
2741
2856
7448
6091
6832
9143
5107
5493
3326
5220
5603
3976
8114
9814
5403
2935
1162
7982
4607
2265
5507
745
873
2276
4401
8317
8131
5770
7207
3409
1491
3903
8383
7602
4804
3141
5625
965
7482
2098
5987
8325
1573
6144
5252
982
5824
2993
156
5624
2363
7481
8470
6175
5289
4485
7977
7573
5591
4038
2277
1922
7363
1499
6986
6260
9863
7005
595
2698
5718
7202
3181
8181
3451
5355
1112
4848
5688
5030
3299
8692
5837
3042
2252
5788
2244
6561
5793
7082
8151
5187
1772
8100
9233
3119
7880
1703
2583
1593
1005
9903
2701
6593
1845
2180
5941
5642
9911
1668
5427
1157
9308
1669
4939
6870
7829
8723
6149
6878
8762
1338
2752
6697
1536
356
747
5008
5134
80
4455
5729
4152
3302
2142
4785
6587
592
4786
793
9086
6000
9024
1516
4836
6263
2148
8660
9350
8819
7411
111
472
6696
2710
6531
8043
3902
1876
506
1396
4565
7889
3977
3058
9925
2250
6295
3187
7510
3560
8089
8776
9221
1060
2106
1894
6606
1058
281
4997
8608
7223
4755
3867
9435
4569
8198
5408
4798
4279
7538
8972
371
320
127
9095
4664
4659
6724
6273
5994
6779
1673
2958
4934
4982
8035
8144
5291
4427
1124
2633
4629
3642
4461
8026
7896
4093
9937
7990
9346
6070
6122
5897
2550
872
629
4753
8308
2108
174
2595
6280
4514
7809
1442
4325
2033
888
6388
1838
9026
350
591
2534
6248
2386
8414
3971
8589
3283
7515
2808
3749
1376
2646
5369
7846
9449
1054
1953
558
6767
3118
3806
9979
5336
2310
7673
8942
2191
8259
7325
5277
9089
5773
2612
5991
5582
8614
9434
4702
2617
2995
2533
6204
3612
974
8861
9349
4957
6887
8159
3063
4204
3034
5295
838
9072
18
9059
8123
9179
6440
5579
4045
6885
1057
8995
6791
3083
3168
2364
2516
9294
6329
4894
7159
8258
3249
3210
7575
469
8947
1254
5622
4779
2258
5975
7353
4902
6837
2437
1576
6259
4207
1151
6166
4613
7065
7943
9978
9692
2560
82
3955
3062
951
9009
4385
7997
3937
2875
8598
2901
7370
8661
1826
7394
4526
4380
3482
8721
8681
9323
5834
1944
5719
3950
5475
10
3028
1364
7801
956
511
5944
1645
2212
2616
9850
6992
9928
6258
4034
3148
4142
626
8500
893
4480
7767
7367
2491
2800
3876
7796
5047
7256
7582
3360
6421
2307
391
2122
8978
6991
6159
7286
7657
4646
4610
2635
9499
6033
4271
5710
6768
5448
5988
3349
2632
1711
4111
8134
2422
3452
6891
6244
7152
5027
3845
1828
1788
4643
8600
2813
5790
5747
5521
1836
2707
6806
780
2153
735
2926
1289
9964
4816
5717
1370
2645
7195
5284
7893
7310
3797
3818
1446
5156
1065
8577
926
3135
2356
8977
3924
3009
7037
7870
704
1649
9849
6648
8701
9678
3048
7979
3573
947
1207
1515
8985
2038
723
402
1106
9277
8056
8854
1548
860
7187
4343
8445
6114
4872
7604
1908
8288
121
7357
5477
7821
8323
1769
6693
5431
4590
1064
7495
5257
5895
720
9654
2359
1578
7976
7850
6905
4468
7616
6623
2953
4540
7351
9802
4574
978
30
7919
7579
9187
3746
2001
7061
1667
5908
802
6191
9309
3702
3241
9704
9780
8494
9744
7201
8623
6358
2224
2546
6186
4597
1822
4112
7295
2095
463
8350
4281
4730
7786
5473
8262
1931
7706
4671
4387
4811
9731
8669
4594
5635
3252
4031
425
3410
5815
8023
986
1687
7768
3012
1304
2969
8136
7150
3607
9169
5120
9767
9812
8050
8651
2409
4572
9695
5074
7842
8171
5400
8352
1723
8960
8673
25
3437
2790
9466
1425
400
1770
1153
1168
4892
5836
7430
9811
385
1291
2697
3583
3595
819
839
100
9680
2175
6121
3158
800
7107
4211
4889
8195
2028
6899
5351
9446
5191
16
261
3166
1242
9116
4701
9327
9196
4821
7873
2855
6443
1856
7635
9322
957
8105
448
2696
2253
546
6137
1251
1041
4283
1591
8865
4456
6720
9027
6904
541
9369
1246
622
996
9886
3578
529
3635
7968
1225
7064
4885
9838
3644
5665
2970
3289
9032
2647
6161
3389
5287
4677
7209
9314
2453
8206
4824
444
3786
3339
9021
1697
876
4820
5595
3019
7069
7410
2269
8004
620
9587
1891
3982
6508
3909
9195
9943
4483
6313
6970
6969
2520
4398
1249
2334
6736
2478
8990
9324
6031
5583
1883
3748
8385
3251
7550
1679
8046
7063
2216
4806
2577
3566
4074
8686
1603
9743
730
4484
2281
9079
4355
4400
3193
5460
1097
5145
4508
39
1691
1574
7551
9255
2016
4535
8271
1002
3122
2238
9152
5040
6518
7697
9225
2479
4088
1252
8377
3493
9762
7839
4282
3242
7869
9078
2452
8183
9167
6649
3531
3045
7120
6981
9969
7423
3461
4053
5605
5562
6598
7672
1742
2183
3031
4032
3761
530
3446
6547
7433
5390
9073
2786
5327
3260
3709
4891
2434
8697
1082
7103
5129
2686
8311
5241
4876
774
1277
315
1281
809
427
5812
4082
5193
3435
4916
8065
4162
2129
6741
3178
8068
5592
8274
9992
8103
6670
7509
3760
9162
8846
7701
120
4929
9108
6457
9101
279
3375
5813
5044
6821
6618
786
6374
9478
8878
2543
7978
9477
5468
8042
4222
1033
7983
4235
5952
9557
3328
2267
8717
7138
5051
4878
4431
4421
7344
1630
2003
149
3588
3310
5157
2496
4091
6101
1278
3401
9300
5123
8687
2046
8874
5411
698
1537
3445
1359
667
1940
7489
4515
2424
9214
9321
653
4145
2131
7999
8663
2425
9908
6228
9541
3376
1972
5392
1317
4048
8185
9473
9097
1633
3442
3639
5255
6579
8433
3424
7902
915
2315
3222
9895
403
2389
2255
3160
9930
8556
3332
4658
6325
8019
7109
8460
8928
9624
4980
4644
1957
6555
8739
4242
9552
4463
4992
1400
3213
9598
9273
2289
2287
7125
633
6363
4265
7133
6594
7236
8548
7860
6972
7759
659
3067
7134
4301
7497
8254
4257
2282
4433
235
1463
5512
887
2372
9626
91
2221
2811
7006
1216
8996
6914
9298
8944
6825
3946
1293
1377
2125
4288
4164
5086
9949
1762
5687
8358
3835
8853
7403
4503
4927
6650
4475
9792
1765
1675
6104
2844
6154
4102
9241
8302
2471
9414
6384
4499
4169
4716
6287
1063
8712
7883
386
9199
6040
8184
6552
602
5650
3132
8758
2174
3086
3477
3731
1921
1349
6501
1352
2773
6909
1506
5176
4959
2395
8753
5762
2037
6902
1264
2699
829
7677
5442
1513
1881
7925
3860
5565
7216
4060
6236
6051
3650
3056
9006
218
7254
2863
3561
4196
6965
4290
3504
3126
7121
3285
3428
2672
5022
3100
5860
9383
6173
6397
3936
6112
3803
5341
5071
7630
9088
5531
4245
2233
4981
555
5170
6385
5981
6567
93
1110
7718
9192
7003
8579
61
9074
8809
5506
8964
5386
2866
8684
9171
1375
8895
9393
2871
8775
5119
5455
5655
6827
9790
2609
3684
2304
7473
3370
8122
3334
5417
8346
277
4703
4121
1347
5372
2456
2789
7056
9399
359
5649
345
9243
6200
3799
1172
9994
2444
8570
9216
2083
7182
9742
8912
4627
7196
5966
9836
8798
9057
1966
7072
3695
1437
295
7906
9362
722
4295
332
9065
4413
5314
2527
8142
2902
2877
8124
4733
1612
9401
8278
8709
5911
8079
5970
9396
4372
2858
8200
6624
1777
5547
1853
7913
4835
2590
4988
5553
6919
6685
5769
2532
7205
2280
5541
5906
3472
9968
6035
1255
8179
1719
7099
1832
1336
7934
8970
9181
8924
6651
9134
9222
7113
2955
5426
49
807
1540
8737
6438
9341
4865
7094
5412
8703
3793
5185
938
3037
8568
500
4498
9479
8887
8648
5932
9753
7479
7783
6237
6072
1053
7686
4464
9559
4213
9789
2058
1326
6850
3682
4122
1056
5775
7787
9941
4694
6698
3016
259
707
2760
1582
3972
8167
9834
3508
5122
1363
4081
8984
3498
6985
70
5262
7321
3608
4888
6580
7110
8695
3539
9593
7861
5613
6369
1452
2262
9318
661
2399
9140
6163
4639
1228
7033
3491
6707
3913
8423
9710
4083
6895
8792
4136
8958
5343
3411
3175
3992
8835
4968
4246
2480
3294
3290
6729
9687
44
5818
7661
7249
255
89
6605
5219
5662
8607
7206
1340
4240
1525
4013
9747
5918
5112
2694
4106
3464
1328
1864
3169
6478
5419
6507
9707
3648
2460
886
5003
2821
742
4226
2443
6890
3206
1327
1872
4010
9189
28
3385
1981
4315
7441
5227
5702
9250
8677
4873
2929
9686
9575
4803
853
2976
8454
5247
7359
213
6446
5594
2898
9896
972
6387
5200
3780
1755
8975
423
7487
9561
4374
2406
1985
2663
20
2000
8192
2504
2263
3351
6430
7015
3517
1079
229
8678
6141
7851
2915
6734
6053
3172
1244
8903
9927
8469
7164
6694
7522
4739
7452
2072
8879
4007
4976
8503
3645
6745
6668
5804
4505
9620
5213
5479
2972
4492
6378
9512
2785
554
534
1520
3039
429
3502
1993
3380
7176
2621
4605
7804
4567
139
1724
4501
2492
1609
8450
6055
7568
1113
3379
5383
6314
6599
2127
5031
5404
101
1885
4293
3139
210
8902
8273
9201
5487
4308
9650
8217
8940
608
537
6493
6688
9245
6066
9018
7142
855
4767
929
515
4397
4696
204
3162
2317
7992
1850
2449
3350
6360
9001
890
8599
2044
2215
6982
1920
5631
7567
599
5749
4314
2748
363
3849
7826
5739
4014
4303
3174
5032
5023
4016
7749
6246
4723
6996
9643
6573
1693
5745
5964
231
8094
303
8166
8182
9506
7276
3080
9029
5703
5861
901
8248
6499
1831
6488
9705
9428
3686
618
7242
5430
9800
9168
3846
4132
4513
9394
6086
155
2325
540
7326
9075
5285
7574
3921
5011
8129
589
7303
5226
9427
1964
5902
7937
2944
2726
5360
5020
6614
3628
3087
9920
5577
3655
6955
1088
8920
6076
4653
2883
4274
5896
1345
8620
8889
1986
3721
2155
813
4001
3568
3393
3359
2227
7219
2880
4330
3320
4477
9856
1781
3541
7922
2370
2150
1303
3683
2842
9454
4748
9038
7108
5634
1859
4580
8267
217
7888
299
8615
1365
5128
8918
7137
4273
4114
3516
6569
7436
523
2578
1001
5278
3430
8572
9708
6060
4925
4173
1245
6225
1904
8725
574
651
4476
5669
9191
5397
906
7468
9104
1051
2740
3788
4309
1512
6542
7595
9034
9685
4977
7728
2644
4896
1671
9524
2690
8316
2552
1952
2589
9272
2518
471
7478
2132
9129
3978
6954
9120
8633
6713
7311
9229
5588
9564
9852
6842
8506
9444
172
4201
2997
9313
9570
7514
4578
2195